1.000000000000000000e+00 2.593665223573120571e-01 1.896698221081472568e-01 2.767617127949437705e-01 1.291598977143934568e-01 1.820334297538567514e-01 1.079074267918564423e-01 1.833145046088903996e-01 1.712394905789308142e-01 1.654236252391863282e-01 8.264389503105687429e-02 1.666743127402526559e-01 1.948153576921889951e-01 -3.846896913049544647e-02 1.758918905523109422e-01 2.128380836025747513e-01 3.830071092179227615e-02 -1.410786504038008538e-01 -1.070146497969029775e-01 7.059961157662880682e-02 -1.289998875000956113e-01 2.432498612696482390e-02 2.057531606401549751e-01
2.593665223573120571e-01 1.000000000000000000e+00 2.937485666766755932e-01 2.647238172246401677e-01 6.975129146281860981e-02 1.411047129457711491e-01 8.585912070044059152e-02 1.853401937473155014e-01 1.343324847273192346e-01 1.440685103885010476e-01 5.905882529062811415e-02 1.825026781184658775e-01 1.560106788827440583e-01 -7.537631032900099504e-02 1.492837723493359026e-01 1.823880686441522736e-01 -4.880420504182676408e-03 -1.020876517762122626e-01 -1.163267060145363463e-01 5.281916773505514195e-02 -1.623775286428907616e-01 5.736756791099851399e-02 2.121527392448866178e-01
1.896698221081472568e-01 2.937485666766755932e-01 1.000000000000000000e+00 2.173404550349097852e-01 6.382047988313430120e-02 9.666203484955100678e-02 6.670818658148752744e-02 1.411248500537275463e-01 9.178066701554171702e-02 1.411408511564927193e-01 5.253526662320467250e-02 1.484500396775491060e-01 1.317205520378494643e-01 -5.658387334211828490e-02 1.246984679516020267e-01 1.607940597077977540e-01 -2.626066090321411192e-03 -4.317036032941586748e-02 -1.126396572309467520e-01 -6.244931445470331419e-04 -1.403994639481866702e-01 5.568223636393473952e-02 1.643134446938035731e-01
2.767617127949437705e-01 2.647238172246401677e-01 2.173404550349097575e-01 1.000000000000000000e+00 1.855293587036450920e-01 4.888536489115807848e-01 4.178429141405936020e-01 5.800383353852264223e-01 3.881974523407564770e-01 3.293513972496427411e-01 -6.224088722785146160e-02 6.674327823196898324e-01 4.364937282132946295e-01 -1.380222470538485791e-01 6.686521092831100299e-01 5.795149619826014398e-01 -7.275306021357809405e-02 -4.955626383787609668e-01 -3.096771863288189097e-01 2.088952652929057519e-01 -4.474160310121689244e-01 2.381129022559944353e-01 6.788510201463475724e-01
1.291598977143934290e-01 6.975129146281860981e-02 6.382047988313432896e-02 1.855293587036450920e-01 1.000000000000000000e+00 9.510715102024319689e-02 7.433067557020821281e-02 4.761460544312936388e-02 6.478741636548190908e-02 6.323093552194739564e-01 2.951030226401409329e-01 -5.515504713466798381e-02 6.427460468515034941e-01 1.596012459276249518e-01 1.617150711283507347e-01 3.876336310251412565e-01 1.656993992728292009e-01 -3.135413906806203826e-02 1.199939876953352719e-01 -2.521910334727527070e-02 1.892013928574628745e-01 -1.181166863681293311e-01 2.534351679515998643e-02
1.820334297538567514e-01 1.411047129457711491e-01 9.666203484955100678e-02 4.888536489115807848e-01 9.510715102024319689e-02 1.000000000000000000e+00 2.602357478243427780e-01 4.040911220063600484e-01 4.693958621570205048e-01 9.175949426596101410e-02 -1.928151511096639487e-02 3.841615385045066278e-01 2.056583766102338395e-01 -1.648925647229662339e-01 2.961887546248213043e-01 2.123151479389891461e-01 -3.650502048275057476e-02 -3.413523689461653854e-01 -1.848890200789077010e-01 1.672465730981645970e-01 -2.440767001803899050e-01 7.846079963748646413e-02 4.363466906568413406e-01
1.079074267918564423e-01 8.585912070044057764e-02 6.670818658148752744e-02 4.178429141405936020e-01 7.433067557020821281e-02 2.602357478243428335e-01 1.000000000000000000e+00 1.808744830492818867e-01 2.813881900515636386e-02 1.265419746063184414e-01 -1.465887833411850250e-01 3.028712087285896359e-01 1.455531112271029048e-01 3.621149732259670156e-02 4.390281058682051762e-01 3.435450927024009116e-01 -4.682266843644446869e-02 -2.638909085539438149e-01 -1.771985298603116765e-01 1.518817349029280006e-01 -3.226933973380229914e-01 9.622506445087325444e-02 2.102040595035264692e-01
1.833145046088903996e-01 1.853401937473155014e-01 1.411248500537275463e-01 5.800383353852264223e-01 4.761460544312937082e-02 4.040911220063600484e-01 1.808744830492818867e-01 1.000000000000000000e+00 3.243897381237461630e-01 6.236407784098696450e-02 5.668651607533548714e-02 5.827965436820377043e-01 1.239800819999423293e-01 -1.950888357449512556e-01 2.878686788610426150e-01 8.428835777733073575e-02 -1.203154445914746823e-01 -3.660831262574287259e-01 -1.616694397938417960e-01 1.811666613722928976e-01 -2.488022103514886674e-01 -2.862922182284682315e-01 9.673328000656308268e-01
1.712394905789308142e-01 1.343324847273192346e-01 9.178066701554171702e-02 3.881974523407564770e-01 6.478741636548190908e-02 4.693958621570206158e-01 2.813881900515636386e-02 3.243897381237461630e-01 1.000000000000000000e+00 2.905411359149475542e-02 1.723053209940789143e-02 2.565023372169104587e-01 1.256029495804038554e-01 -1.741606592806410336e-01 1.708997544037800242e-01 1.322740262725759508e-01 -7.321491774669901254e-02 -2.474856603366617502e-01 -1.357849083261780387e-01 1.299889036296693334e-01 -2.052161644481022562e-01 5.213020804481054843e-02 3.504060803991977946e-01
1.654236252391863282e-01 1.440685103885010476e-01 1.411408511564927193e-01 3.293513972496427411e-01 6.323093552194739564e-01 9.175949426596102798e-02 1.265419746063184414e-01 6.236407784098695062e-02 2.905411359149475889e-02 1.000000000000000000e+00 2.098757429894538562e-01 7.421751446582482148e-02 6.359302154150557884e-01 2.728560840156104006e-01 2.086923516156908021e-01 4.293170165634069280e-01 5.509896599022982150e-02 -7.020631780484340445e-02 -4.986211761438925742e-03 9.457393273514875381e-03 1.281210015973683648e-02 1.319717714085760496e-01 1.051075833393254194e-01
8.264389503105687429e-02 5.905882529062811415e-02 5.253526662320466556e-02 -6.224088722785146160e-02 2.951030226401409329e-01 -1.928151511096638446e-02 -1.465887833411849972e-01 5.668651607533550102e-02 1.723053209940789837e-02 2.098757429894538562e-01 1.000000000000000000e+00 -9.644128466152498622e-03 1.869091068416529611e-01 1.139830476387736387e-02 -4.133066545199697017e-02 -3.318739390056851118e-02 7.070108813340292286e-02 8.327020781801526550e-02 6.600270277072739500e-02 -2.055765890080720609e-02 1.702976333262959940e-01 -1.253063933184010159e-01 2.855568253650424965e-02
1.666743127402526559e-01 1.825026781184659053e-01 1.484500396775491060e-01 6.674327823196898324e-01 -5.515504713466798381e-02 3.841615385045066278e-01 3.028712087285896915e-01 5.827965436820378153e-01 2.565023372169104587e-01 7.421751446582482148e-02 -9.644128466152489948e-03 1.000000000000000000e+00 1.002846862503867509e-01 -1.642961020184882104e-01 4.131840093939186387e-01 1.028220787562720978e-01 -1.844435243243716105e-01 -3.527810176071753956e-01 -2.494423361850974519e-01 1.331904189864951127e-01 -2.942171317133783770e-01 1.322555796802905859e-01 6.497783842406913424e-01
1.948153576921889951e-01 1.560106788827440305e-01 1.317205520378494643e-01 4.364937282132946295e-01 6.427460468515034941e-01 2.056583766102338395e-01 1.455531112271029048e-01 1.239800819999423293e-01 1.256029495804038831e-01 6.359302154150558994e-01 1.869091068416529611e-01 1.002846862503867509e-01 1.000000000000000000e+00 4.769546336141477355e-02 2.193046814159668456e-01 5.123058673749586456e-01 1.419040357797689000e-01 -1.924369463161309524e-01 -6.585822037509489468e-02 6.602054396859545482e-02 -4.417249983806284530e-02 1.466979550461091908e-01 1.733404481750241977e-01
-3.846896913049544647e-02 -7.537631032900099504e-02 -5.658387334211829878e-02 -1.380222470538486068e-01 1.596012459276249518e-01 -1.648925647229662617e-01 3.621149732259670156e-02 -1.950888357449512833e-01 -1.741606592806410336e-01 2.728560840156104006e-01 1.139830476387734479e-02 -1.642961020184882104e-01 4.769546336141477355e-02 1.000000000000000000e+00 1.393947067082172524e-02 8.314565593995285053e-02 1.409455020933753355e-01 1.889283646480900414e-01 1.321415169540875179e-01 -1.705615415023795101e-01 4.228427988054641040e-01 3.282922873794943963e-02 -1.956482617012097192e-01
1.758918905523109422e-01 1.492837723493359303e-01 1.246984679516020267e-01 6.686521092831100299e-01 1.617150711283507347e-01 2.961887546248213043e-01 4.390281058682051762e-01 2.878686788610425040e-01 1.708997544037800242e-01 2.086923516156908021e-01 -4.133066545199699099e-02 4.131840093939186387e-01 2.193046814159668456e-01 1.393947067082173738e-02 1.000000000000000000e+00 4.651854266211286615e-01 2.315641105097763358e-02 -3.710851173345144360e-01 -1.856678270590844948e-01 1.194098912386560157e-01 -2.363564864318386527e-01 7.485863765828344729e-02 3.277592285068287592e-01
2.128380836025747513e-01 1.823880686441522736e-01 1.607940597077977263e-01 5.795149619826015508e-01 3.876336310251412565e-01 2.123151479389890905e-01 3.435450927024010226e-01 8.428835777733072188e-02 1.322740262725759508e-01 4.293170165634069280e-01 -3.318739390056852506e-02 1.028220787562720978e-01 5.123058673749587566e-01 8.314565593995286441e-02 4.651854266211286615e-01 1.000000000000000000e+00 1.181247742039944620e-01 -2.335350679365501003e-01 -1.504206574782479267e-01 7.210187004758776552e-02 -3.366456053947621818e-01 2.218984205443000624e-01 1.493696998700484724e-01
3.830071092179226921e-02 -4.880420504182676408e-03 -2.626066090321411192e-03 -7.275306021357809405e-02 1.656993992728292009e-01 -3.650502048275057476e-02 -4.682266843644444787e-02 -1.203154445914746823e-01 -7.321491774669904029e-02 5.509896599022982150e-02 7.070108813340292286e-02 -1.844435243243716105e-01 1.419040357797689000e-01 1.409455020933753355e-01 2.315641105097762317e-02 1.181247742039944620e-01 1.000000000000000000e+00 6.424961420193840700e-02 7.908631249007062533e-03 -7.136432474654949565e-02 1.584779002718441909e-01 -5.761732155499173225e-02 -1.409392393751636996e-01
-1.410786504038008538e-01 -1.020876517762122626e-01 -4.317036032941586748e-02 -4.955626383787609668e-01 -3.135413906806203826e-02 -3.413523689461653854e-01 -2.638909085539438149e-01 -3.660831262574287259e-01 -2.474856603366617502e-01 -7.020631780484340445e-02 8.327020781801526550e-02 -3.527810176071755066e-01 -1.924369463161309524e-01 1.889283646480900414e-01 -3.710851173345144360e-01 -2.335350679365501003e-01 6.424961420193840700e-02 1.000000000000000000e+00 1.913900148405509316e-01 -3.091117538023733791e-01 2.748985225558627232e-01 -6.157555158268061130e-02 -4.035347630279771391e-01
-1.070146497969029775e-01 -1.163267060145363463e-01 -1.126396572309467520e-01 -3.096771863288189097e-01 1.199939876953352719e-01 -1.848890200789077010e-01 -1.771985298603116765e-01 -1.616694397938417960e-01 -1.357849083261780387e-01 -4.986211761438922273e-03 6.600270277072738112e-02 -2.494423361850974519e-01 -6.585822037509489468e-02 1.321415169540875179e-01 -1.856678270590844948e-01 -1.504206574782479267e-01 7.908631249007059064e-03 1.913900148405509316e-01 1.000000000000000000e+00 1.796219231571690930e-02 2.994408230569401419e-01 -2.108957566756747559e-01 -2.183698753081594057e-01
7.059961157662880682e-02 5.281916773505514889e-02 -6.244931445470332503e-04 2.088952652929057519e-01 -2.521910334727527070e-02 1.672465730981645970e-01 1.518817349029280006e-01 1.811666613722928976e-01 1.299889036296693334e-01 9.457393273514858034e-03 -2.055765890080720609e-02 1.331904189864951127e-01 6.602054396859545482e-02 -1.705615415023795101e-01 1.194098912386560157e-01 7.210187004758776552e-02 -7.136432474654948177e-02 -3.091117538023733791e-01 1.796219231571690930e-02 1.000000000000000000e+00 -3.311246865001775119e-01 -5.250143846425577715e-02 1.755856908073783196e-01
-1.289998875000956391e-01 -1.623775286428907616e-01 -1.403994639481866702e-01 -4.474160310121689244e-01 1.892013928574628745e-01 -2.440767001803899050e-01 -3.226933973380229914e-01 -2.488022103514886396e-01 -2.052161644481022562e-01 1.281210015973683995e-02 1.702976333262959940e-01 -2.942171317133783770e-01 -4.417249983806281755e-02 4.228427988054641040e-01 -2.363564864318386527e-01 -3.366456053947621818e-01 1.584779002718441909e-01 2.748985225558627232e-01 2.994408230569401419e-01 -3.311246865001775119e-01 1.000000000000000000e+00 -9.566327906450712570e-02 -2.833176610850269839e-01
2.432498612696482390e-02 5.736756791099851399e-02 5.568223636393473952e-02 2.381129022559944075e-01 -1.181166863681293311e-01 7.846079963748646413e-02 9.622506445087325444e-02 -2.862922182284682315e-01 5.213020804481054843e-02 1.319717714085760496e-01 -1.253063933184010159e-01 1.322555796802905859e-01 1.466979550461091908e-01 3.282922873794941881e-02 7.485863765828344729e-02 2.218984205443000624e-01 -5.761732155499171837e-02 -6.157555158268061130e-02 -2.108957566756747559e-01 -5.250143846425577715e-02 -9.566327906450712570e-02 1.000000000000000000e+00 -8.051774404988081002e-02
2.057531606401549751e-01 2.121527392448866178e-01 1.643134446938035731e-01 6.788510201463475724e-01 2.534351679515998643e-02 4.363466906568413406e-01 2.102040595035264692e-01 9.673328000656308268e-01 3.504060803991977946e-01 1.051075833393254194e-01 2.855568253650424965e-02 6.497783842406913424e-01 1.733404481750241977e-01 -1.956482617012097192e-01 3.277592285068287592e-01 1.493696998700484724e-01 -1.409392393751636996e-01 -4.035347630279772502e-01 -2.183698753081594057e-01 1.755856908073783196e-01 -2.833176610850269839e-01 -8.051774404988081002e-02 1.000000000000000000e+00
